0
1240861076134248449
1240861076406898688
1240861076453015552
1240861076809383936
1240861077400719362
1240861077359005696
1240861077518385152
1240861077941809153
1240861078071808005
1240861078038253568
1240861078239641600
1240861078185181184
1240861078424358917
1240861078541590528
1240861078885675008
1240861078998917120
1240861079934296070
1240861080072544256
1240861080395624448
1240861080454402048
1240861080840212481
1240861081125285888
1240861081557401601
1240861081909764096
1240861082219995138
1240861082375372800
1240861082555686912
1240861082660438016
1240861082815733763
1240861082920595456
1240861083050463232
1240861083063037953
1240861083453100032
1240861084229054464
1240861084715634689
1240861084858200065
1240861085282033664
1240861085592432642
1240861086150283265
1240861086074757120
1240861086447882240
1240861086582095872
1240861087307882498
1240861087505022977
1240861087563747328
1240861087542775809
1240861087722921986
1240861087744040960
1240861088012546049
1240861088041832449
1240861088410791936
1240861088759132160
1240861089006403584
1240861089304154112
1240861089383890945
1240861089811664896
1240861089962684416
1240861090134679553
1240861090306719744
1240861090361139200
1240861090382090241
1240861090424057856
1240861090805735424
1240861091011297280
1240861091091144705
1240861091342802944
1240861091791622144
1240861091971903489
1240861092110311424
1240861092181614592
1240861092475092992
1240861092693278721
1240861092785643520
1240861092999393280
1240861093146361859
1240861093263822848
1240861093523750913
1240861093917945856
1240861094207315968
1240861094312321024
1240861094547251203
1240861094941515776
1240861094899412993
1240861095243296769
1240861095977500674
1240861096128413696
1240861096036241409
1240861096489222145
1240861096736522240
1240861096736509953
1240861096816205824
1240861096786845697
1240861096879075333
1240861096916860929
1240861096937951233
1240861096820355073
1240861097080442880
1240861097009262592
1240861097365774336
1240861097520812032
1240861097545981952
1240861097575559169
1240861097667842048
1240861098334552067
1240861098351325184
1240861098368094208
1240861098741354496
1240861099110481920
1240861099261452288
1240861099400015872
1240861099379081216
1240861099576049664
1240861099735597057
1240861099555090432
1240861099831881728
1240861099878158336
1240861100092076033
1240861100620611584
1240861100712722432
1240861100603838464
1240861100935168011
1240861101035679744
1240861101207715840
1240861101459296256
1240861101572718594
1240861101488607234
1240861101719420929
1240861101736128512
1240861102017257472
1240861102012944385
1240861102235242499
1240861102575169541
1240861102667231232
1240861102696734720
1240861102793261056
1240861102994407424
1240861103346704384
1240861103975956480
1240861104122875904
1240861104177385473
1240861105368363008
1240861105976684546
1240861106110947329
1240861106643632129
1240861106886914049
1240861106865934336
1240861105678954500
1240861107956391941
1240861108195467265
1240861108295970817
1240861108312948738
1240861108715618314
1240861108849631234
1240861109113872385
1240861109227307008
1240861109772566529
1240861109885841409
1240861111160733697
1240861111307710466
1240861110921768965
1240861111433318401
1240861111437623303
1240861111819345920
1240861111810805760
1240861112309972997
1240861112519864320
1240861112859418624
1240861113228591105
1240861113576591360
1240861114159816704
1240861114268876801
1240861114495389696
1240861115015294976
1240861114847592450
1240861115015409664
1240861115241938946
1240861115371761665
1240861115594289152
1240861115845955586
1240861116357423104
1240861116357468161
1240861116584132610
1240861116760276993
1240861116898504704
1240861116915281920
1240861116911288320
1240861117275992065
1240861116923772928
1240861117435576320
1240861117515259904
1240861117909532683
1240861118060322816
1240861118240821249
1240861118421221376
1240861118765109248
1240861118957891584
1240861119280889856
1240861118534316032
1240861119708893185
1240861120493244417
1240861120505798656
1240861120522567680
1240861120556122112
1240861119712878598
1240861120576929792
1240861120803540994
1240861120820281344
1240861120925011969
1240861121071980544
1240861121352876032
1240861121558409217
1240861121583755264
1240861121906540545
1240861121868902401
1240861122107973632
1240861121986297857
1240861122221215744
1240861122284015616
1240861122602942467
1240861122514821120
1240861122657316865
1240861123794124800
1240861124129677313
1240861124339347456
1240861124414840832
1240861124850941953
1240861124985266176
1240861125157191680
1240861125253750785
1240861125329199104
1240861125308059648
1240861125585047552
1240861125685714944
1240861125773795328
1240861118542774274
1240861125740298240
1240861126125957120
1240861126264598528
1240861126373433345
1240861126453157890
1240861126729928704
1240861126738546688
1240861127057256448
1240861127115821056
1240861121545986049
1240861127405211649
1240861127505899520
1240861128214765568
1240861128499974146
1240861128625983489
1240861125274632192
1240861128063881218
1240861129120919552
1240861129242370048
1240861129452240896
1240861129947168768
1240861130630651904
1240861130588704770
1240861130739810304
1240861114751057923
1240861115745275904
1240861130987311105
1240861131050278913
1240861130408390656
1240861130962206720
1240861131180253184
1240861131209609216
1240861131339685889
1240861131733741568
1240861131297546242
1240861132014800897
1240861132136439808
1240861132316950528
1240861132279013376
1240861132480319488
1240861132807639042
1240861133008969735
1240861133168185344
1240861133260705792
1240861133050761216
1240861133092814848
1240861134061596675
1240861134556545030
1240861134888013824
1240861134971793409
1240861135328489476
1240861135362023424
1240861135651258368
1240861135605137408
1240861136074862600
1240861136247050241
1240861136343482370
1240861136750182401
1240861136997801985
1240861137249296389
1240861137547255808
1240861138054565888
1240861138201575426
1240861138549538817
1240861138952257536
1240861138973310976
1240861139078086656
1240861139279458304
1240861139489218560
1240861139572932608
1240861139828740097
1240861140617478145
1240861140948856833
1240861141049520130
1240861141108064256
1240861141196320768
1240861141380653056
1240861142077104128
1240861142144225281
1240861142110486531
1240861142496534528
1240861142643245056
1240861142961901569
1240861142936944640
1240861143234678785
1240861143377170432
1240861143754653696
1240861144127922176
1240861144178405377
1240861144308428800
1240861144639770624
1240861144602087424
1240861145008943105
1240861145864507400
1240861146099249152
1240861146091061248
1240861146124636161
1240861146120433664
1240861146103435265
1240861146393063425
1240861146204254213
1240861146686644224
1240861146967617536
1240861147240128512
1240861147185557504
1240861147361873926
1240861147793772544
1240861148095758337
1240861148162879490
1240861148871868421
1240861149165322246
1240861149148540928
1240861149387726850
1240861149576351745
1240861150163566592
1240861150226546688
1240861150314627074
1240861150490898432
1240861150679621633
1240861150700548096
1240861150847385600
1240861151019368448
1240861151031734272
1240861151316938753
1240861151493267456
1240861151518433286
1240861151593992194
1240861151975673857
1240861152185176064
1240861152285843458
1240861152076353537
1240861152508338176
1240861152424480773
1240861152495546369
1240861152596217857
1240861152529113088
1240861152655138817
1240861152810135552
1240861152927608832
1240861152961269760
1240861153317621760
1240861153405947905
1240861153409957888
1240861153573494784
1240861153850544130
1240861153841971200
1240861154320187393
1240861154773069825
1240861154844393474
1240861154844348418
1240861155192721414
1240861156111085568
1240861156178345985
1240861156408832000
1240861156295704577
1240861156559945728
1240861156375494657
1240861157184933888
1240861157340168192
1240861157751001089
1240861157868498944
1240861157444988928
1240861158610833408
1240861158518583296
1240861158904651776
1240861158875283456
1240861160691257344
1240861160666169347
1240861160758489088
1240861161161207809
1240861161249107969
1240861161018408961
1240861161488289792
1240861161693884417
1240861161945522176
1240861162159230978
1240861162725683201
1240861162683740161
1240861162855526400
1240861162817773568
1240861163484839936
1240861163501416448
1240861163975368704
1240861164025806848
1240861164281585667
1240861164189274115
1240861164461903873
1240861164579377154
1240861165019774978
1240861165174968320
1240861165418237953
1240861165455998978
1240861165342859270
1240861165611184128
1240861165787496450
1240861166152364032
1240861166429032448
1240861166563450880
1240861166781546497
1240861167083536385
1240861167129489409
1240861167364513792
1240861166156558336
1240861167544864769
1240861167825948672
1240861168123523073
1240861167846748160
1240861168551563264
1240861168601833473
1240861168790470656
1240861168878735360
1240861169168068611
1240861169063211008
1240861169495068674
1240861169667080192
1240861169813864448
1240861170216710144
1240861170484924416
1240861172297076736
1240861172271681536
1240861172477210624
1240861172791947265
1240861173135917060
1240861173399969794
1240861173630697472
1240861173521592320
1240861173609672706
1240861173643218945
1240861174192910342
1240861174133997568
1240861174305939457
1240861174721200128
1240861174868164609
1240861175329353728
1240861175342120969
1240861175375482880
1240861175707062280
1240861175979663360
1240861176004829184
1240861176063569921
1240861176063385601
1240861176185094144
1240861176239509505
1240861176365367296
1240861176625385473
1240861176638124039
1240861177325879296
1240861176650661889
1240861177661407232
1240861177980153859
1240861177967775744
1240861178181582848
1240861178412204033
1240861178768674816
1240861178664038400
1240861178953375750
1240861179364474881
1240861179465129984
1240861179335057409
1240861178848518149
1240861179884359682
1240861179968438278
1240861180283019264
1240861180442423302
1240861180631158785
1240861180735950854
1240861180916387840
1240861180840669184
1240861181117698049
1240861181209743360
1240861181239164929
1240861181495181312
1240861182015213569
1240861182111576064
1240861182132662272
1240861182224781314
1240861182661033989
1240861182598103041
1240861182715670528
1240861183198007299
1240861183353077760
1240861183894151174
1240861184393392128
1240861184481427456
1240861184267554818
1240861184775069697
1240861184988864514
1240861184984780800
1240861184540229634
1240861185228095489
1240861185328676869
1240861185324412928
1240861185668452352
1240861185722822656
1240861185991258113
1240861186062610433
1240861186004049920
1240861186306060288
1240861186297643008
1240861186595438593
1240861186956111879
1240861186935185413
1240861186989719553
1240861187207647232
1240861187346010112
1240861187660607488
1240861187581063168
1240861187727712258
1240861187702550528
1240861187996184578
1240861188298346496
1240861188403101698
1240861188407296005
1240861188600279040
1240861188646412288
1240861189006954496
1240861188969259008
1240861189095051264
1240861189044830213
1240861189170585600
1240861189044711425
1240861189166354433
1240861189342724097
1240861189317386242
1240861189573193728
1240861189955076096
1240861190097690626
1240861190001049602
1240861190403674112
1240861190508724224
1240861190693289985
1240861190714208257
1240861190840094726
1240861190877671425
1240861191326642176
1240861191775240193
1240861191846662145
1240861192001703939
1240861192496615424
1240861192635072512
1240861192844951554
1240861192995975174
1240861192932847616
1240861193025327110
1240861193146961920
1240861193390219265
1240861193511698433
1240861193763520512
1240861193931087873
1240861194010783745
1240861193998200832
1240861194031898624
1240861194006573057
1240861193969041409
1240861194505912320
1240861194681847808
1240861195000832000
1240861195084554246
1240861195038408704
1240861195046924291
1240861195541905409
1240861195621429255
1240861195646664705
1240861196078780416
1240861196019875840
1240861196309254145
1240861196527579136
1240861196493950977
1240861196615630850
1240861196787556354
1240861197357940736
1240861197416558592
1240861197848756225
1240861197815119882
1240861197760704513
1240861198041501696
1240861198045896706
1240861198167523330
1240861198297583616
1240861198356283393
1240861198628737025
1240861198708609029
1240861198863794181
1240861199341883392
1240861199333376000
1240861199547404289
1240861199778144256
1240861200054804482
1240861200193335298
1240861200235315200
1240861200285499392
1240861200277274625
1240861200679710720
1240861201006858240
1240861201195646978
1240861201623629825
1240861201698971650
1240861201602621440
1240861201677996032
1240861201745113088
1240861201803796480
1240861201887870976
1240861202105991168
1240861202483490817
1240861202621726720
1240861202659467265
1240861202734972928
1240861202961633280
1240861203053699072
1240861203062194176
1240861203980673024
1240861204345524224
1240861204681285632
1240861204899344385
1240861205759176704
1240861205935226880
1240861206073749504
1240861206136500224
1240861206535176192
1240861206606270464
1240861206686175232
1240861206740717573
1240861206765658112
1240861206698586112
1240861206715363328
1240861207046656000
1240861207189311489
1240861207092842499
1240861207411728385
1240861207671734272
1240861207780786176
1240861207822766080
1240861207986425861
1240861208468570113
1240861208468545536
1240861208527413248
1240861208577822722
1240861208544067584
1240861208703533056
1240861209320206337
1240861209651380225
1240861209810702339
1240861210003689473
1240861209886199808
1240861210377060352
1240861210423279616
1240861210515582976
1240861210620440576
1240861210603470849
1240861210746077185
1240861210867666944
1240861211295653889
1240861211970895872
1240861212486721537
1240861212461629440
1240861212478443522
1240861212524433409
1240861212545445889
1240861212776120321
1240861212918898689
1240861213166272513
1240861213392646144
1240861213522788353
1240861213593980929
1240861213652729856
1240861213782728704
1240861213715599360
1240861214319636482
1240861214659555328
1240861214906781697
1240861215171268608
1240861215443816448
1240861215821303808
1240861216018501633
1240861216374996992
1240861217016537093
1240861217469554689
1240861217419186177
1240861217884909568
1240861217834459136
1240861217998028801
1240861218375487488
1240861218367127552
1240861218455207937
1240861218493128704
1240861218627145729
1240861218996400134
1240861219335966722
1240861219583447042
1240861220053417991
1240861220179185664
1240861220498014208
1240861220493619200
1240861220514693122
1240861220493819907
1240861220992925696
1240861220866945024
1240861221013688321
1240861221064257536
1240861221391339520
1240861221311709185
1240861221517025280
1240861221722587136
1240861221907136513
1240861222372868096
1240861222540476416
1240861222645501952
1240861222708244481
1240861222746173441
1240861222968479744
1240861223018573824
1240861223098503169
1240861222729216002
1240861223261999105
1240861223496777729
1240861223597424642
1240861223551414273
1240861224105119744
1240861224377692160
1240861224331431936
1240861224918831104
1240861225061408769
1240861225061236738
1240861225077968902
1240861225531011072
1240861225799553040
1240861225799409669
1240861225950613504
1240861226000773122
1240861225988378624
1240861225975795716
1240861226248417282
1240861226336305154
1240861226349051905
1240861226672033796
1240861226583740416
1240861226579574785
1240861227343020032
1240861227443785733
1240861227682639872
1240861227615543296
1240861227900981249
1240861228106305536
1240861228240527360
1240861228274073600
1240861228496334848
1240861228668530688
1240861229020741633
1240861229201195008
1240861229490438144
1240861229935218696
1240861229931003904
1240861230069215233
1240861230367195138
1240861230459314176
1240861230564163584
1240861230622855169
1240861230606270465
1240861231000334336
1240861231507861506
1240861231541600259
1240861231705198593
1240861232309075968
1240861232371871744
1240861232556457984
1240861233240141824
1240861233407913984
1240861233558896645
1240861234037059590
1240861234448064512
1240861234511204352
1240861234615980033
1240861234666168320
1240861234838323200
1240861234855100417
1240861234993471488
1240861235039490048
1240861235287121920
1240861235521843207
1240861235412758528
1240861235706355712
1240861235760881666
1240861235823984641
1240861235949821962
1240861236247449600
1240861236348071938
1240861236486643719
1240861236637597696
1240861236679413760
1240861236809662464
1240861236956295169
1240861237128450048
1240861237048561664
1240861237233299456
1240861237535109121
1240861237073895424
1240861237694455815
1240861238172631045
1240861238286069760
1240861238386548742
1240861238520840193
1240861238638174208
1240861238785126400
1240861238856495105
1240861239137300481
1240861239343042560
1240861239288315904
1240861240840179712
1240861240789852161
1240861240831901696
1240861240827588614
1240861240919875584
1240861240894746625
1240861241087754241
1240861241167446018
1240861241339510785
1240861241746190336
1240861241700122624
1240861242325073920
1240861241922457600
1240861242975281154
1240861243465854976
1240861243528957957
1240861243998711808
1240861244426457088
1240861244539559937
1240861244678176768
1240861244661235712
1240861245240152069
1240861245214879745
1240861245592367104
1240861245563166720
1240861246015959042
1240861246276210689
1240861246280302593
1240861246053732353
1240861246339133440
1240861246536200192
1240861246645088256
1240861246959890433
1240861246771077121
1240861247093891078
1240861247425449984
1240861247740010498
1240861247794319360
1240861247920373760
1240861247999864837
1240861247953870848
1240861248906027008
1240861248956379136
1240861249065193472
1240861249220509696
1240861249396768768
1240861249296052225
1240861249371545602
1240861249296007168
1240861249266688000
1240861249937825793
1240861250076073984
1240861250512355331
1240861250583552000
1240861250684243969
1240861248889278464
1240861251099639809
1240861251431006208
1240861251686686722
1240861251707625472
1240861251724627968
1240861251653124096
1240861251783340033
1240861251795701760
1240861251951042560
1240861252144041984
1240861252231938049
1240861252290859008
1240861252714401793
1240861253041414145
1240861253163237377
1240861253179932684
1240861253247160321
1240861253352001538
1240861253880492032
1240861254027218944
1240861254475972609
1240861254345838592
1240861254610288640
1240861255096659969
1240861255025319936
1240861255725748224
1240861255729987584
1240861255918915584
1240861255851577345
1240861256023711744
1240861255990042624
1240861256489238528
1240861256845651971
1240861256703258625
1240861257420255233
1240861257332211712
1240861257730842629
1240861257659494400
1240861258225606657
1240861258326241280
1240861258431090695
1240861258502602754
1240861259307900929
1240861259257376771
1240861259349626880
1240861259651784716
1240861259701968898
1240861260087951366
1240861260184346624
1240861260125573122
1240861260536635392
1240861260524048387
1240861260947701760
1240861261010624512
1240861261136453635
1240861261358825472
1240861261719625728
1240861261891592192
1240861262013235200
1240861262025654272
1240861261266661378
1240861262323552256
1240861262474612737
1240861262373945344
1240861262667448321
1240861262977867776
1240861263196033024
1240861263237914625
1240861263409758210
1240861263493615617
1240861263623847937
1240861263665790982
1240861263846084608
1240861263858565120
1240861263942619137
1240861264147918849
1240861264273784837
1240861264538198017
1240861264747941893
1240861264718544897
1240861265104384000
1240861265066700800
1240861265230266368
1240861265100185609
1240861265494450182
1240861265645285378
1240861265842577408
1240861265775357955
1240861266228502528
1240861266543095808
1240861266765283328
1240861267281063939
1240861267402915840
1240861267503591424
1240861267528728577
1240861267662794755
1240861267784544257
1240861267952381952
1240861267964784640
1240861267998334976
1240861268065398784
1240861268187189249
